Config: 8 and False and 10
Result: (-0.04070426117493438, -0.25307861075334964, 0.6)
0.164513275358412